<Qucs Dataset 0.0.19>
<indep time 200>
  +0.00000000000000000000e+000
  +1.25628140703517576782e-001
  +2.51256281407035153563e-001
  +3.76884422110552785856e-001
  +5.02512562814070307127e-001
  +6.28140703517587994931e-001
  +7.53768844221105571712e-001
  +8.79396984924623148494e-001
  +1.00502512562814061425e+000
  +1.13065326633165819104e+000
  +1.25628140703517598986e+000
  +1.38190954773869356664e+000
  +1.50753768844221114342e+000
  +1.63316582914572872021e+000
  +1.75879396984924629699e+000
  +1.88442211055276387377e+000
  +2.01005025125628122851e+000
  +2.13567839195979880529e+000
  +2.26130653266331638207e+000
  +2.38693467336683395885e+000
  +2.51256281407035197972e+000
  +2.63819095477386955650e+000
  +2.76381909547738713329e+000
  +2.88944723618090471007e+000
  +3.01507537688442228685e+000
  +3.14070351758793986363e+000
  +3.26633165829145744041e+000
  +3.39195979899497501719e+000
  +3.51758793969849259398e+000
  +3.64321608040201017076e+000
  +3.76884422110552774754e+000
  +3.89447236180904532432e+000
  +4.02010050251256245701e+000
  +4.14572864321608047788e+000
  +4.27135678391959761058e+000
  +4.39698492462311563145e+000
  +4.52261306532663276414e+000
  +4.64824120603015078501e+000
  +4.77386934673366791770e+000
  +4.89949748743718593857e+000
  +5.02512562814070395945e+000
  +5.15075376884422109214e+000
  +5.27638190954773911301e+000
  +5.40201005025125624570e+000
  +5.52763819095477426657e+000
  +5.65326633165829139926e+000
  +5.77889447236180942014e+000
  +5.90452261306532655283e+000
  +6.03015075376884457370e+000
  +6.15577889447236170639e+000
  +6.28140703517587972726e+000
  +6.40703517587939685995e+000
  +6.53266331658291488083e+000
  +6.65829145728643201352e+000
  +6.78391959798995003439e+000
  +6.90954773869346716708e+000
  +7.03517587939698518795e+000
  +7.16080402010050232064e+000
  +7.28643216080402034152e+000
  +7.41206030150753747421e+000
  +7.53768844221105549508e+000
  +7.66331658291457262777e+000
  +7.78894472361809064864e+000
  +7.91457286432160778133e+000
  +8.04020100502512491403e+000
  +8.16582914572864382308e+000
  +8.29145728643216095577e+000
  +8.41708542713567808846e+000
  +8.54271356783919522115e+000
  +8.66834170854271413020e+000
  +8.79396984924623126290e+000
  +8.91959798994974839559e+000
  +9.04522613065326552828e+000
  +9.17085427135678443733e+000
  +9.29648241206030157002e+000
  +9.42211055276381870272e+000
  +9.54773869346733583541e+000
  +9.67336683417085474446e+000
  +9.79899497487437187715e+000
  +9.92462311557788900984e+000
  +1.00502512562814079189e+001
  +1.01758793969849250516e+001
  +1.03015075376884421843e+001
  +1.04271356783919593170e+001
  +1.05527638190954782260e+001
  +1.06783919597989953587e+001
  +1.08040201005025124914e+001
  +1.09296482412060296241e+001
  +1.10552763819095485331e+001
  +1.11809045226130656658e+001
  +1.13065326633165827985e+001
  +1.14321608040200999312e+001
  +1.15577889447236188403e+001
  +1.16834170854271359730e+001
  +1.18090452261306531057e+001
  +1.19346733668341702383e+001
  +1.20603015075376891474e+001
  +1.21859296482412062801e+001
  +1.23115577889447234128e+001
  +1.24371859296482405455e+001
  +1.25628140703517594545e+001
  +1.26884422110552765872e+001
  +1.28140703517587937199e+001
  +1.29396984924623108526e+001
  +1.30653266331658297617e+001
  +1.31909547738693468943e+001
  +1.33165829145728640270e+001
  +1.34422110552763811597e+001
  +1.35678391959799000688e+001
  +1.36934673366834172015e+001
  +1.38190954773869343342e+001
  +1.39447236180904514669e+001
  +1.40703517587939703759e+001
  +1.41959798994974875086e+001
  +1.43216080402010046413e+001
  +1.44472361809045217740e+001
  +1.45728643216080406830e+001
  +1.46984924623115578157e+001
  +1.48241206030150749484e+001
  +1.49497487437185920811e+001
  +1.50753768844221109902e+001
  +1.52010050251256281229e+001
  +1.53266331658291452555e+001
  +1.54522613065326641646e+001
  +1.55778894472361812973e+001
  +1.57035175879396984300e+001
  +1.58291457286432155627e+001
  +1.59547738693467344717e+001
  +1.60804020100502498281e+001
  +1.62060301507537687371e+001
  +1.63316582914572876462e+001
  +1.64572864321608030025e+001
  +1.65829145728643219115e+001
  +1.67085427135678408206e+001
  +1.68341708542713561769e+001
  +1.69597989949748750860e+001
  +1.70854271356783904423e+001
  +1.72110552763819093514e+001
  +1.73366834170854282604e+001
  +1.74623115577889436167e+001
  +1.75879396984924625258e+001
  +1.77135678391959814348e+001
  +1.78391959798994967912e+001
  +1.79648241206030157002e+001
  +1.80904522613065310566e+001
  +1.82160804020100499656e+001
  +1.83417085427135688747e+001
  +1.84673366834170842310e+001
  +1.85929648241206031400e+001
  +1.87185929648241220491e+001
  +1.88442211055276374054e+001
  +1.89698492462311563145e+001
  +1.90954773869346716708e+001
  +1.92211055276381905799e+001
  +1.93467336683417094889e+001
  +1.94723618090452248452e+001
  +1.95979899497487437543e+001
  +1.97236180904522626633e+001
  +1.98492462311557780197e+001
  +1.99748743718592969287e+001
  +2.01005025125628158378e+001
  +2.02261306532663311941e+001
  +2.03517587939698501032e+001
  +2.04773869346733654595e+001
  +2.06030150753768843686e+001
  +2.07286432160804032776e+001
  +2.08542713567839186339e+001
  +2.09798994974874375430e+001
  +2.11055276381909564520e+001
  +2.12311557788944718084e+001
  +2.13567839195979907174e+001
  +2.14824120603015060738e+001
  +2.16080402010050249828e+001
  +2.17336683417085438919e+001
  +2.18592964824120592482e+001
  +2.19849246231155781572e+001
  +2.21105527638190970663e+001
  +2.22361809045226124226e+001
  +2.23618090452261313317e+001
  +2.24874371859296466880e+001
  +2.26130653266331655971e+001
  +2.27386934673366845061e+001
  +2.28643216080401998624e+001
  +2.29899497487437187715e+001
  +2.31155778894472376805e+001
  +2.32412060301507530369e+001
  +2.33668341708542719459e+001
  +2.34924623115577873023e+001
  +2.36180904522613062113e+001
  +2.37437185929648251204e+001
  +2.38693467336683404767e+001
  +2.39949748743718593857e+001
  +2.41206030150753782948e+001
  +2.42462311557788936511e+001
  +2.43718592964824125602e+001
  +2.44974874371859279165e+001
  +2.46231155778894468256e+001
  +2.47487437185929657346e+001
  +2.48743718592964810910e+001
  +2.50000000000000000000e+001
</indep>
<dep Vr.Vt time>
  +1.19999998800000021981e-007
  +1.19999998343170430752e-007
  +1.19999997886340786584e-007
  +1.19999997429511274765e-007
  +1.19999996972681657067e-007
  +1.19999996515852065839e-007
  +1.19999996059022474610e-007
  +1.19999995602192936321e-007
  +1.16770417099419585583e+001
  +7.97972362138099367002e+000
  +5.45286176881807449490e+000
  +3.72560370684693076271e+000
  +2.54429205953664805406e+000
  +1.73672659963225584079e+000
  +1.18561187373194698580e+000
  +8.09818565613046104090e-001
  +5.53097282131380652004e-001
  +3.77608834961323580615e-001
  +2.57806376911629442361e-001
  +1.76013181853170053159e-001
  +1.20170197771024334088e-001
  +8.20443014911500512198e-002
  +5.60144610190498326574e-002
  +3.82430074634658723198e-002
  +2.61098343148784550749e-002
  +1.78261061328583991781e-002
  +1.21705243857572753541e-002
  +8.30926720840530208534e-003
  +5.67305617719604526883e-003
  +3.87322563445913203850e-003
  +2.64442037410361763250e-003
  +1.80547341103576286514e-003
  +1.23269590955210617267e-003
  +8.41641312964824805931e-004
  +5.74655097336673748032e-004
  +3.92374566789754908314e-004
  +2.67925475906594101616e-004
  +1.82959867258247754762e-004
  +1.24950968984904875470e-004
  +8.53463297545431487379e-005
  +1.33769439969455561368e-009
  +5.77018965941533679143e-009
  +1.00372048450481088366e-008
  +1.41448506241204086109e-008
  +1.80990511466916359495e-008
  +2.19055440453530536615e-008
  +2.55698449080909995246e-008
  +2.90972703709257984883e-008
  +3.24929256834138868726e-008
  +3.57617402357846003724e-008
  +3.89084462426581012551e-008
  +4.19376080529332284641e-008
  +4.48536150443601400184e-008
  +4.76606967225734479143e-008
  +5.03629200565569590253e-008
  +5.29642010249631312035e-008
  +5.54683117215404308809e-008
  +5.78788830196685921692e-008
  +6.01994072368938759610e-008
  +6.24332487930701063306e-008
  +6.45836450985370902345e-008
  +6.66537136595479751122e-008
  +6.86464547428045079869e-008
  +7.05647584808843930659e-008
  +7.24114039840628720412e-008
  +7.41890682220969210903e-008
  +7.59003278005820902763e-008
  +7.75476634018446020491e-008
  +7.91334624494766103453e-008
  +8.06600262137635581894e-008
  +8.21295640385244496429e-008
  +8.35442079960557748564e-008
  +8.49060075580609918688e-008
  +8.62169375892563039088e-008
  +8.74788983473706593941e-008
  +8.86937185917702208826e-008
  +8.98631591361720438726e-008
  +9.09889159572685457533e-008
  +9.20726197506382959546e-008
  +9.31158421479949538480e-008
  +9.41200952730980588967e-008
  +9.50868344062882897560e-008
  +9.60174615372011430736e-008
  +9.69133244765885137895e-008
  +9.77757235176568428869e-008
  +9.86059074392642287421e-008
  +9.94050801672585748747e-008
  +1.00174399220165355473e-007
  +1.00914981038258133594e-007
  +1.01627898541067906990e-007
  +1.02314184680096786906e-007
  +1.02974835325397862107e-007
  +1.03610807267173754553e-007
  +1.04223022212579508050e-007
  +1.04812368562079427647e-007
  +1.05379699633090240241e-007
  +1.05925838100873193071e-007
  +1.06451575554444843874e-007
  +1.06957674272933900284e-007
  +1.07444868113759639527e-007
  +1.07913862512631908430e-007
  +1.08365337814220197288e-007
  +1.08799948383975220167e-007
  +1.09218323940396544458e-007
  +1.09621071109344825345e-007
  +1.10008774090175620586e-007
  +1.10381994211650180659e-007
  +1.10741272818515312792e-007
  +1.11087130605369566183e-007
  +1.11420068948930861552e-007
  +1.11740570574170305918e-007
  +1.12049099665334495057e-007
  +1.12346103864346957835e-007
  +1.12632013382629736498e-007
  +1.12907242888482528542e-007
  +1.13172191285038081787e-007
  +1.13427242487418311612e-007
  +1.13672766310912720655e-007
  +1.13909118693023003743e-007
  +1.14136642137552257736e-007
  +1.14355666380738796306e-007
  +1.14566509057389964710e-007
  +1.14769475700882139790e-007
  +1.14964860742361452139e-007
  +1.15152947066654576247e-007
  +1.15334007511069813745e-007
  +1.15508304421307883558e-007
  +1.15676090484129190372e-007
  +1.15837608949398429559e-007
  +1.15993093963151494563e-007
  +1.16142770845151233061e-007
  +1.16286856477465505577e-007
  +1.16425559859578697797e-007
  +1.16559082052880569336e-007
  +1.16687616513733161128e-007
  +1.16811349537560005274e-007
  +1.16930460647424183662e-007
  +1.17045122260961420579e-007
  +1.17155500800603107336e-007
  +1.17261756082953638725e-007
  +1.17364042317991135178e-007
  +1.17462507553955930462e-007
  +1.17557294732062445064e-007
  +1.17648541131387673886e-007
  +1.17736379007249425399e-007
  +1.17820935702228624109e-007
  +1.17902333812702764249e-007
  +1.17980691327623787856e-007
  +1.18056121795051538470e-007
  +1.18128734544198366052e-007
  +1.18198634879718156299e-007
  +1.18265924109461906255e-007
  +1.18330699766522329242e-007
  +1.18393055720256157315e-007
  +1.18453082370573170579e-007
  +1.18510866758958499645e-007
  +1.18566492568472625635e-007
  +1.18620040540085014413e-007
  +1.18671588222873936047e-007
  +1.18721210362604523425e-007
  +1.18768978846217621026e-007
  +1.18814962951629965460e-007
  +1.18859229319978609851e-007
  +1.18901842149909953150e-007
  +1.18942863169824164515e-007
  +1.18982351846042000432e-007
  +1.19020365452193743749e-007
  +1.19056959041463628068e-007
  +1.19092185696390018279e-007
  +1.19126096473354259331e-007
  +1.19158740513602978695e-007
  +1.19190165126514813210e-007
  +1.19220415886744923739e-007
  +1.19249536634224995169e-007
  +1.19277569599063326677e-007
  +1.19304555373789256123e-007
  +1.19330533107642189350e-007
  +1.19355540423304873343e-007
  +1.19379613632009107249e-007
  +1.19402787580880076490e-007
  +1.19425095861103169881e-007
  +1.19446570814862873533e-007
  +1.19467243590853922086e-007
  +1.19487144123464616996e-007
  +1.19506301278493598517e-007
  +1.19524742825394270085e-007
  +1.19542495492785949551e-007
  +1.19559585017026126508e-007
  +1.19576036149149356191e-007
  +1.19591872758950668043e-007
  +1.19607117793352202284e-007
  +1.19621793352731042859e-007
  +1.19635920711735899147e-007
  +1.19649520347042681578e-007
  +1.19662611965110077250e-007
  +1.19675214550751807252e-007
  +1.19687346367136626668e-007
  +1.19699025000891134951e-007
  +1.19710267379447010683e-007
  +1.19721089798796587189e-007
</dep>
<dep Pr1.Vt time>
  +3.63636323636367694854e-024
  +4.56829550567884372151e-015
  +9.13659097657548169006e-015
  +1.37048864126899099614e-014
  +1.82731818140221214356e-014
  +2.28414771805721287347e-014
  +2.74097725123399429025e-014
  +3.19780678093255355402e-014
  +3.22958257762214963966e-008
  +4.02027597659140736278e-007
  +6.54713757646816686499e-007
  +8.27439546571352095816e-007
  +9.45570699489265193158e-007
  +1.02632723740405042759e-006
  +1.08143870448293449639e-006
  +1.11901803153689212654e-006
  +1.14469015731784615092e-006
  +1.16223900027996734715e-006
  +1.17421924488691236943e-006
  +1.18239856357482649702e-006
  +1.18798286142461134608e-006
  +1.19179545067133965623e-006
  +1.19439843445825137428e-006
  +1.19617557963609539113e-006
  +1.19738889682962231328e-006
  +1.19821726956498716030e-006
  +1.19878282768314152448e-006
  +1.19916895336226394538e-006
  +1.19943257443902279554e-006
  +1.19961255747529818273e-006
  +1.19973543798904568344e-006
  +1.19981933267696309641e-006
  +1.19987661042138365083e-006
  +1.19991571587713192668e-006
  +1.19994241449602488148e-006
  +1.19996064254725666389e-006
  +1.19997308745510047179e-006
  +1.19998158401511557208e-006
  +1.19998738490436302276e-006
  +1.19999134536788969824e-006
  +1.18662306560977626191e+001
  +1.14229810436274945573e+001
  +1.09962793770389666292e+001
  +1.05855151281643777850e+001
  +1.01900949134654510431e+001
  +9.80944555894900105386e+000
  +9.44301530144657164101e+000
  +9.09027298881646395046e+000
  +8.75070731002199764248e+000
  +8.42382605397020789439e+000
  +8.10915539603639246025e+000
  +7.80623921124049058307e+000
  +7.51463841307962887583e+000
  +7.23393031705846922819e+000
  +6.96370802799478205714e+000
  +6.70357985021214908272e+000
  +6.45316871976477823836e+000
  +6.21211165787151387008e+000
  +5.98005924476671424372e+000
  +5.75667511320535130181e+000
  +5.54163546088814751300e+000
  +5.33462858109999693568e+000
  +5.13535441088130628629e+000
  +4.94352409607733989105e+000
  +4.75885957263507020087e+000
  +4.58109316354060869259e+000
  +4.40996719081300181386e+000
  +4.24523360199190236131e+000
  +4.08665361057776976850e+000
  +3.93399734990334692952e+000
  +3.78704353993473619155e+000
  +3.64557916651903513028e+000
  +3.50939917261366263190e+000
  +3.37830616104973957547e+000
  +3.25211010839871583755e+000
  +3.13062808952744697777e+000
  +3.01368401244248396154e+000
  +2.90110836303920827106e+000
  +2.79273795938583369036e+000
  +2.68841571518606947677e+000
  +2.58799041207761870709e+000
  +2.49131648043642384138e+000
  +2.39825378836893099432e+000
  +2.30866743858651846111e+000
  +2.22242757286764991420e+000
  +2.13940918382432077038e+000
  +2.05949193369991956359e+000
  +1.98255997993588306549e+000
  +1.90850180725427787110e+000
  +1.83721006601291403371e+000
  +1.76858141659866596740e+000
  +1.70251637963347213223e+000
  +1.63891919177585476675e+000
  +1.57769766690895951733e+000
  +1.51876306251388437651e+000
  +1.46202995103462285442e+000
  +1.40741609604813988632e+000
  +1.35484233306010359854e+000
  +1.30423245475346738509e+000
  +1.25551310052357423253e+000
  +1.20861365013966337578e+000
  +1.16346612137863525405e+000
  +1.12000507148268235724e+000
  +1.07816750229796598504e+000
  +1.03789276895681514823e+000
  +9.99122491971093040775e-001
  +9.61800472609296019932e-001
  +9.25872611434734205105e-001
  +8.91286829886699383252e-001
  +8.57992994790964136342e-001
  +8.25942845690169513695e-001
  +7.95089924888782273449e-001
  +7.65389510111208370979e-001
  +7.36798549675454661489e-001
  +7.09275600088363877838e-001
  +6.82780765971975012185e-001
  +6.57275642233920542878e-001
  +6.32723258398044774431e-001
  +6.09088025014535738855e-001
  +5.86335682071905783808e-001
  +5.64433249336029008170e-001
  +5.43348978544260119428e-001
  +5.23052307385332038159e-001
  +5.03513815198327163714e-001
  +4.84705180326508944244e-001
  +4.66599139064191370529e-001
  +4.49169446137144101616e-001
  +4.32390836659243937845e-001
  +4.16238989510232748614e-001
  +4.00690492081488769394e-001
  +3.85722806338718915420e-001
  +3.71314236152371024424e-001
  +3.57443895848412351857e-001
  +3.44091679933893557219e-001
  +3.31238233953405403209e-001
  +3.18864926434187290205e-001
  +3.06953821879226929070e-001
  +2.95487654769191865345e-001
  +2.84449804535521322268e-001
  +2.73824271468389390805e-001
  +2.63595653524623718678e-001
  +2.53749124001962977903e-001
  +2.44270410047286445909e-001
  +2.35145771967665256907e-001
  +2.26361983314248782495e-001
  +2.17906311710110489610e-001
  +2.09766500394270111185e-001
  +2.01930750455134117027e-001
  +1.94387703727602556558e-001
  +1.87126426329054462716e-001
  +1.80136392810341577908e-001
  +1.73407470898819165983e-001
  +1.66929906811300904357e-001
  +1.60694311115642668453e-001
  +1.54691645120468096453e-001
  +1.48913207773301276005e-001
  +1.43350623048118214209e-001
  +1.37995827804035436914e-001
  +1.32841060097534102713e-001
  +1.27878847931279376882e-001
  +1.23101998423227027013e-001
  +1.18503587380314689970e-001
  +1.14076949261626980903e-001
  +1.09815667516485721000e-001
  +1.05713565283457933131e-001
  +1.01764696436802179469e-001
  +9.79633369673727077975e-002
  +9.43039766854885108671e-002
  +9.07813112337413213870e-002
  +8.73902343981629997627e-002
  +8.41258307066080485148e-002
  +8.09833683036234319719e-002
  +7.79582920914750343577e-002
  +7.50462171273912209690e-002
  +7.22429222674509374791e-002
  +6.95443440479027452650e-002
  +6.69465707950474275822e-002
  +6.44458369551440951595e-002
  +6.20385176361217607899e-002
  +5.97211233531852875300e-002
  +5.74902949706971727606e-002
  +5.53427988330056908062e-002
  +5.32755220771594512064e-002
  +5.12854681207148901945e-002
  +4.93697523180963923628e-002
  +4.75255977792119685410e-002
  +4.57503313442639003572e-002
  +4.40413797089201780599e-002
  +4.23962656942288990125e-002
  +4.08126046558699856481e-002
  +3.92881010275384356945e-002
  +3.78205449934488346919e-002
  +3.64078092851384607642e-002
  +3.50478460979247591345e-002
  +3.37386841225482472795e-002
  +3.24784256876982160844e-002
  +3.12652440092783395764e-002
  +3.00973805424261733887e-002
  +2.89731424324471825704e-002
  +2.78909000609686569261e-002
</dep>
<dep V1.It time>
  -1.19999998800000011434e-011
  -1.19999998343170421912e-011
  -1.19999997886340832389e-011
  -1.19999997429511259023e-011
  -1.19999996972681669501e-011
  -1.19999996515852079978e-011
  -1.19999996059022522768e-011
  -1.19999995602192949401e-011
  -1.16770417099419589364e-003
  -7.97972362138099546719e-004
  -5.45286176881807456082e-004
  -3.72560370684693197181e-004
  -2.54429205953664739487e-004
  -1.73672659963225629745e-004
  -1.18561187373194832631e-004
  -8.09818565613044862462e-005
  -5.53097282131380873181e-005
  -3.77608834961324453180e-005
  -2.57806376911630789916e-005
  -1.76013181853170085848e-005
  -1.20170197771024041137e-005
  -8.20443014911509627086e-006
  -5.60144610190506963871e-006
  -3.82430074634663628807e-006
  -2.61098343148798097787e-006
  -1.78261061328594302272e-006
  -1.21705243857572534159e-006
  -8.30926720840603864486e-007
  -5.67305617719665236445e-007
  -3.87322563446033027841e-007
  -2.64442037410435619780e-007
  -1.80547341103607404006e-007
  -1.23269590955128975573e-007
  -8.41641312965462982153e-008
  -5.74655097336154462413e-008
  -3.92374566790017828082e-008
  -2.67925475905462207571e-008
  -1.82959867259256151086e-008
  -1.24950968984059615865e-008
  -8.53463297560036111512e-009
  -1.33769342564543446757e-013
  -5.77018950602315217026e-013
  -1.00372061292382771502e-012
  -1.41448485769077194576e-012
  -1.80990506843549798459e-012
  -2.19055441914545424739e-012
  -2.55698467298358261689e-012
  -2.90972698208626549963e-012
  -3.24929265748507668083e-012
  -3.57617391026805257601e-012
  -3.89084456505516072773e-012
  -4.19376074682190193318e-012
  -4.48536154206675618326e-012
  -4.76606963528083345020e-012
  -5.03629192164229823972e-012
  -5.29642009682365009666e-012
  -5.54683122476691036266e-012
  -5.78788828424960318321e-012
  -6.01994069503387851047e-012
  -6.24332482436139966012e-012
  -6.45836447452820788104e-012
  -6.66537135224628879718e-012
  -6.86464552047223958824e-012
  -7.05647583335790142164e-012
  -7.24114035495352564077e-012
  -7.41890676227032216439e-012
  -7.59003273328666960749e-012
  -7.75476632046043439725e-012
  -7.91334631028876759240e-012
  -8.06600256943662678431e-012
  -8.21295637793569923553e-012
  -8.35442074993675772834e-012
  -8.49060074248032947422e-012
  -8.62169375273332335182e-012
  -8.74788980412238593319e-012
  -8.86937182177883514705e-012
  -8.98631589769435569471e-012
  -9.09889154597187709940e-012
  -9.20726194854154729707e-012
  -9.31158419169808881481e-012
  -9.41200949380228596298e-012
  -9.50868342447674180962e-012
  -9.60174611561360853118e-012
  -9.69133246450015571161e-012
  -9.77757232935662703838e-012
  -9.86059071756977068770e-012
  -9.94050796689500169222e-012
  -1.00174399198897178912e-011
  -1.00914980918307413275e-011
  -1.01627898323591876681e-011
  -1.02314184810871481807e-011
  -1.02974835173916927676e-011
  -1.03610807046133370441e-011
  -1.04223022288680191277e-011
  -1.04812368326737461243e-011
  -1.05379699435856773679e-011
  -1.05925837980260217788e-011
  -1.06451575604883202336e-011
  -1.06957674382888579858e-011
  -1.07444867920315576816e-011
  -1.07913862419464738128e-011
  -1.08365337702560269268e-011
  -1.08799948197173692735e-011
  -1.09218323884837094849e-011
  -1.09621071214221134471e-011
  -1.10008773980201334970e-011
  -1.10381994170087099154e-011
  -1.10741272778239936330e-011
  -1.11087130590261701790e-011
  -1.11420068937889672779e-011
  -1.11740570425692601170e-011
  -1.12049099630621186448e-011
  -1.12346103775426879153e-011
  -1.12632013376925314119e-011
  -1.12907242870043934326e-011
  -1.13172191208558340330e-011
  -1.13427242443388376721e-011
  -1.13672766279291896068e-011
  -1.13909118610763444591e-011
  -1.14136642037914530785e-011
  -1.14355666363083041453e-011
  -1.14566509068892308562e-011
  -1.14769475778451928278e-011
  -1.14964860698368118983e-011
  -1.15152947045205426397e-011
  -1.15334007456018012555e-011
  -1.15508304383545517055e-011
  -1.15676090476646652432e-011
  -1.15837608946521578106e-011
  -1.15993093919254177198e-011
  -1.16142770775185100987e-011
  -1.16286856475607721201e-011
  -1.16425559877260276349e-011
  -1.16559082035070243921e-011
  -1.16687616493589780343e-011
  -1.16811349567544623984e-011
  -1.16930460611903120622e-011
  -1.17045122281856860458e-011
  -1.17155500783089778535e-011
  -1.17261756112698547111e-011
  -1.17364042291113339899e-011
  -1.17462507585355284962e-011
  -1.17557294723954192191e-011
  -1.17648541103837927483e-011
  -1.17736378989493722804e-011
  -1.17820935704689529781e-011
  -1.17902333817033944052e-011
  -1.17980691315641740771e-011
  -1.18056121782162755875e-011
  -1.18128734555422105754e-011
  -1.18198634889910238280e-011
  -1.18265924108352567847e-011
  -1.18330699748579997562e-011
  -1.18393055704913020603e-011
  -1.18453082364264499560e-011
  -1.18510866737158322312e-011
  -1.18566492583853895166e-011
  -1.18620040535759228500e-011
  -1.18671588212308778498e-011
  -1.18721210333475100048e-011
  -1.18768978828077937442e-011
  -1.18814962938047222507e-011
  -1.18859229318791425295e-011
  -1.18901842135816724808e-011
  -1.18942863157736780347e-011
  -1.18982351845808457385e-011
  -1.19020365440122625674e-011
  -1.19056959042575528410e-011
  -1.19092185696740728254e-011
  -1.19126096464757403200e-011
  -1.19158740501346516250e-011
  -1.19190165125062117739e-011
  -1.19220415886881080951e-011
  -1.19249536636230710406e-011
  -1.19277569584549800964e-011
  -1.19304555366475430070e-011
  -1.19330533098744195041e-011
  -1.19355540436893149927e-011
  -1.19379613629842643005e-011
  -1.19402787572440267165e-011
  -1.19425095856042065794e-011
  -1.19446570817204228730e-011
  -1.19467243584555976369e-011
  -1.19487144123921405827e-011
  -1.19506301281756021212e-011
  -1.19524742826960455097e-011
  -1.19542495491132401910e-011
  -1.19559585007314956685e-011
  -1.19576036147297339280e-011
  -1.19591872757522578585e-011
  -1.19607117793653435459e-011
  -1.19621793353847584640e-011
  -1.19635920710789408484e-011
  -1.19649520342525545369e-011
  -1.19662611962148395221e-011
  -1.19675214546370863746e-011
  -1.19687346363033752875e-011
  -1.19699024997585492379e-011
  -1.19710267378572857508e-011
  -1.19721089802179411115e-011
</dep>
<dep I.It time>
  +1.19999998800000027590e-011
  +1.19999998343170421912e-011
  +1.19999997886340832389e-011
  +1.19999997429511259023e-011
  +1.19999996972681669501e-011
  +1.19999996515852079978e-011
  +1.19999996059022506612e-011
  +1.19999995602192949401e-011
  +1.16770417099419589364e-003
  +7.97972362138099546719e-004
  +5.45286176881807456082e-004
  +3.72560370684693197181e-004
  +2.54429205953664739487e-004
  +1.73672659963225629745e-004
  +1.18561187373194832631e-004
  +8.09818565613044862462e-005
  +5.53097282131380873181e-005
  +3.77608834961324453180e-005
  +2.57806376911630789916e-005
  +1.76013181853170085848e-005
  +1.20170197771024041137e-005
  +8.20443014911509627086e-006
  +5.60144610190506963871e-006
  +3.82430074634663628807e-006
  +2.61098343148798097787e-006
  +1.78261061328594302272e-006
  +1.21705243857572534159e-006
  +8.30926720840603864486e-007
  +5.67305617719665236445e-007
  +3.87322563446033027841e-007
  +2.64442037410435619780e-007
  +1.80547341103607404006e-007
  +1.23269590955128975573e-007
  +8.41641312965462982153e-008
  +5.74655097336154462413e-008
  +3.92374566790017828082e-008
  +2.67925475905462207571e-008
  +1.82959867259256151086e-008
  +1.24950968984059615865e-008
  +8.53463297560036111512e-009
  +1.33769342564543446757e-013
  +5.77018950602315217026e-013
  +1.00372061292382771502e-012
  +1.41448485769077194576e-012
  +1.80990506843549798459e-012
  +2.19055441914545424739e-012
  +2.55698467298358261689e-012
  +2.90972698208626549963e-012
  +3.24929265748507668083e-012
  +3.57617391026805257601e-012
  +3.89084456505516072773e-012
  +4.19376074682190193318e-012
  +4.48536154206675618326e-012
  +4.76606963528083345020e-012
  +5.03629192164229823972e-012
  +5.29642009682365009666e-012
  +5.54683122476691036266e-012
  +5.78788828424960318321e-012
  +6.01994069503387851047e-012
  +6.24332482436139966012e-012
  +6.45836447452820788104e-012
  +6.66537135224628879718e-012
  +6.86464552047223958824e-012
  +7.05647583335790142164e-012
  +7.24114035495352564077e-012
  +7.41890676227032216439e-012
  +7.59003273328666960749e-012
  +7.75476632046043439725e-012
  +7.91334631028876759240e-012
  +8.06600256943662678431e-012
  +8.21295637793569923553e-012
  +8.35442074993675772834e-012
  +8.49060074248032947422e-012
  +8.62169375273332335182e-012
  +8.74788980412238593319e-012
  +8.86937182177883514705e-012
  +8.98631589769435569471e-012
  +9.09889154597187709940e-012
  +9.20726194854154729707e-012
  +9.31158419169808881481e-012
  +9.41200949380228596298e-012
  +9.50868342447674180962e-012
  +9.60174611561360853118e-012
  +9.69133246450015571161e-012
  +9.77757232935662703838e-012
  +9.86059071756977068770e-012
  +9.94050796689500169222e-012
  +1.00174399198897178912e-011
  +1.00914980918307413275e-011
  +1.01627898323591876681e-011
  +1.02314184810871481807e-011
  +1.02974835173916927676e-011
  +1.03610807046133370441e-011
  +1.04223022288680191277e-011
  +1.04812368326737461243e-011
  +1.05379699435856773679e-011
  +1.05925837980260217788e-011
  +1.06451575604883202336e-011
  +1.06957674382888579858e-011
  +1.07444867920315576816e-011
  +1.07913862419464738128e-011
  +1.08365337702560269268e-011
  +1.08799948197173692735e-011
  +1.09218323884837094849e-011
  +1.09621071214221134471e-011
  +1.10008773980201334970e-011
  +1.10381994170087099154e-011
  +1.10741272778239936330e-011
  +1.11087130590261701790e-011
  +1.11420068937889672779e-011
  +1.11740570425692601170e-011
  +1.12049099630621186448e-011
  +1.12346103775426879153e-011
  +1.12632013376925314119e-011
  +1.12907242870043934326e-011
  +1.13172191208558340330e-011
  +1.13427242443388376721e-011
  +1.13672766279291896068e-011
  +1.13909118610763444591e-011
  +1.14136642037914530785e-011
  +1.14355666363083041453e-011
  +1.14566509068892308562e-011
  +1.14769475778451928278e-011
  +1.14964860698368118983e-011
  +1.15152947045205426397e-011
  +1.15334007456018012555e-011
  +1.15508304383545517055e-011
  +1.15676090476646652432e-011
  +1.15837608946521578106e-011
  +1.15993093919254177198e-011
  +1.16142770775185100987e-011
  +1.16286856475607721201e-011
  +1.16425559877260276349e-011
  +1.16559082035070243921e-011
  +1.16687616493589780343e-011
  +1.16811349567544623984e-011
  +1.16930460611903120622e-011
  +1.17045122281856860458e-011
  +1.17155500783089778535e-011
  +1.17261756112698547111e-011
  +1.17364042291113339899e-011
  +1.17462507585355284962e-011
  +1.17557294723954192191e-011
  +1.17648541103837927483e-011
  +1.17736378989493722804e-011
  +1.17820935704689529781e-011
  +1.17902333817033944052e-011
  +1.17980691315641740771e-011
  +1.18056121782162755875e-011
  +1.18128734555422105754e-011
  +1.18198634889910238280e-011
  +1.18265924108352567847e-011
  +1.18330699748579997562e-011
  +1.18393055704913020603e-011
  +1.18453082364264499560e-011
  +1.18510866737158322312e-011
  +1.18566492583853895166e-011
  +1.18620040535759228500e-011
  +1.18671588212308778498e-011
  +1.18721210333475100048e-011
  +1.18768978828077937442e-011
  +1.18814962938047222507e-011
  +1.18859229318791425295e-011
  +1.18901842135816724808e-011
  +1.18942863157736780347e-011
  +1.18982351845808457385e-011
  +1.19020365440122625674e-011
  +1.19056959042575528410e-011
  +1.19092185696740728254e-011
  +1.19126096464757403200e-011
  +1.19158740501346516250e-011
  +1.19190165125062117739e-011
  +1.19220415886881080951e-011
  +1.19249536636230710406e-011
  +1.19277569584549800964e-011
  +1.19304555366475430070e-011
  +1.19330533098744195041e-011
  +1.19355540436893149927e-011
  +1.19379613629842643005e-011
  +1.19402787572440267165e-011
  +1.19425095856042065794e-011
  +1.19446570817204228730e-011
  +1.19467243584555976369e-011
  +1.19487144123921405827e-011
  +1.19506301281756021212e-011
  +1.19524742826960455097e-011
  +1.19542495491132401910e-011
  +1.19559585007314956685e-011
  +1.19576036147297339280e-011
  +1.19591872757522578585e-011
  +1.19607117793653435459e-011
  +1.19621793353847584640e-011
  +1.19635920710789408484e-011
  +1.19649520342525545369e-011
  +1.19662611962148395221e-011
  +1.19675214546370863746e-011
  +1.19687346363033752875e-011
  +1.19699024997585492379e-011
  +1.19710267378572857508e-011
  +1.19721089802179411115e-011
</dep>
<dep Vin.Vt time>
  +1.20000000000000000000e+001
  +1.20000000000000000000e+001
  +1.20000000000000000000e+001
  +1.20000000000000000000e+001
  +1.20000000000000000000e+001
  +1.20000000000000000000e+001
  +1.20000000000000000000e+001
  +1.20000000000000000000e+001
  +1.20000000000000000000e+001
  +1.20000000000000000000e+001
  +1.20000000000000000000e+001
  +1.20000000000000000000e+001
  +1.20000000000000000000e+001
  +1.20000000000000000000e+001
  +1.20000000000000000000e+001
  +1.20000000000000000000e+001
  +1.20000000000000000000e+001
  +1.20000000000000000000e+001
  +1.20000000000000000000e+001
  +1.20000000000000000000e+001
  +1.20000000000000000000e+001
  +1.20000000000000000000e+001
  +1.20000000000000000000e+001
  +1.20000000000000000000e+001
  +1.20000000000000000000e+001
  +1.20000000000000000000e+001
  +1.20000000000000000000e+001
  +1.20000000000000000000e+001
  +1.20000000000000000000e+001
  +1.20000000000000000000e+001
  +1.20000000000000000000e+001
  +1.20000000000000000000e+001
  +1.20000000000000000000e+001
  +1.20000000000000000000e+001
  +1.20000000000000000000e+001
  +1.20000000000000000000e+001
  +1.20000000000000000000e+001
  +1.20000000000000000000e+001
  +1.20000000000000000000e+001
  +1.20000000000000000000e+001
  +1.20000000000000000000e+001
  +1.20000000000000000000e+001
  +1.20000000000000000000e+001
  +1.20000000000000000000e+001
  +1.20000000000000000000e+001
  +1.20000000000000000000e+001
  +1.20000000000000000000e+001
  +1.20000000000000000000e+001
  +1.20000000000000000000e+001
  +1.20000000000000000000e+001
  +1.20000000000000000000e+001
  +1.20000000000000000000e+001
  +1.20000000000000000000e+001
  +1.20000000000000000000e+001
  +1.20000000000000000000e+001
  +1.20000000000000000000e+001
  +1.20000000000000000000e+001
  +1.20000000000000000000e+001
  +1.20000000000000000000e+001
  +1.20000000000000000000e+001
  +1.20000000000000000000e+001
  +1.20000000000000000000e+001
  +1.20000000000000000000e+001
  +1.20000000000000000000e+001
  +1.20000000000000000000e+001
  +1.20000000000000000000e+001
  +1.20000000000000000000e+001
  +1.20000000000000000000e+001
  +1.20000000000000000000e+001
  +1.20000000000000000000e+001
  +1.20000000000000000000e+001
  +1.20000000000000000000e+001
  +1.20000000000000000000e+001
  +1.20000000000000000000e+001
  +1.20000000000000000000e+001
  +1.20000000000000000000e+001
  +1.20000000000000000000e+001
  +1.20000000000000000000e+001
  +1.20000000000000000000e+001
  +1.20000000000000000000e+001
  +1.20000000000000000000e+001
  +1.20000000000000000000e+001
  +1.20000000000000000000e+001
  +1.20000000000000000000e+001
  +1.20000000000000000000e+001
  +1.20000000000000000000e+001
  +1.20000000000000000000e+001
  +1.20000000000000000000e+001
  +1.20000000000000000000e+001
  +1.20000000000000000000e+001
  +1.20000000000000000000e+001
  +1.20000000000000000000e+001
  +1.20000000000000000000e+001
  +1.20000000000000000000e+001
  +1.20000000000000000000e+001
  +1.20000000000000000000e+001
  +1.20000000000000000000e+001
  +1.20000000000000000000e+001
  +1.20000000000000000000e+001
  +1.20000000000000000000e+001
  +1.20000000000000000000e+001
  +1.20000000000000000000e+001
  +1.20000000000000000000e+001
  +1.20000000000000000000e+001
  +1.20000000000000000000e+001
  +1.20000000000000000000e+001
  +1.20000000000000000000e+001
  +1.20000000000000000000e+001
  +1.20000000000000000000e+001
  +1.20000000000000000000e+001
  +1.20000000000000000000e+001
  +1.20000000000000000000e+001
  +1.20000000000000000000e+001
  +1.20000000000000000000e+001
  +1.20000000000000000000e+001
  +1.20000000000000000000e+001
  +1.20000000000000000000e+001
  +1.20000000000000000000e+001
  +1.20000000000000000000e+001
  +1.20000000000000000000e+001
  +1.20000000000000000000e+001
  +1.20000000000000000000e+001
  +1.20000000000000000000e+001
  +1.20000000000000000000e+001
  +1.20000000000000000000e+001
  +1.20000000000000000000e+001
  +1.20000000000000000000e+001
  +1.20000000000000000000e+001
  +1.20000000000000000000e+001
  +1.20000000000000000000e+001
  +1.20000000000000000000e+001
  +1.20000000000000000000e+001
  +1.20000000000000000000e+001
  +1.20000000000000000000e+001
  +1.20000000000000000000e+001
  +1.20000000000000000000e+001
  +1.20000000000000000000e+001
  +1.20000000000000000000e+001
  +1.20000000000000000000e+001
  +1.20000000000000000000e+001
  +1.20000000000000000000e+001
  +1.20000000000000000000e+001
  +1.20000000000000000000e+001
  +1.20000000000000000000e+001
  +1.20000000000000000000e+001
  +1.20000000000000000000e+001
  +1.20000000000000000000e+001
  +1.20000000000000000000e+001
  +1.20000000000000000000e+001
  +1.20000000000000000000e+001
  +1.20000000000000000000e+001
  +1.20000000000000000000e+001
  +1.20000000000000000000e+001
  +1.20000000000000000000e+001
  +1.20000000000000000000e+001
  +1.20000000000000000000e+001
  +1.20000000000000000000e+001
  +1.20000000000000000000e+001
  +1.20000000000000000000e+001
  +1.20000000000000000000e+001
  +1.20000000000000000000e+001
  +1.20000000000000000000e+001
  +1.20000000000000000000e+001
  +1.20000000000000000000e+001
  +1.20000000000000000000e+001
  +1.20000000000000000000e+001
  +1.20000000000000000000e+001
  +1.20000000000000000000e+001
  +1.20000000000000000000e+001
  +1.20000000000000000000e+001
  +1.20000000000000000000e+001
  +1.20000000000000000000e+001
  +1.20000000000000000000e+001
  +1.20000000000000000000e+001
  +1.20000000000000000000e+001
  +1.20000000000000000000e+001
  +1.20000000000000000000e+001
  +1.20000000000000000000e+001
  +1.20000000000000000000e+001
  +1.20000000000000000000e+001
  +1.20000000000000000000e+001
  +1.20000000000000000000e+001
  +1.20000000000000000000e+001
  +1.20000000000000000000e+001
  +1.20000000000000000000e+001
  +1.20000000000000000000e+001
  +1.20000000000000000000e+001
  +1.20000000000000000000e+001
  +1.20000000000000000000e+001
  +1.20000000000000000000e+001
  +1.20000000000000000000e+001
  +1.20000000000000000000e+001
  +1.20000000000000000000e+001
  +1.20000000000000000000e+001
  +1.20000000000000000000e+001
  +1.20000000000000000000e+001
  +1.20000000000000000000e+001
  +1.20000000000000000000e+001
  +1.20000000000000000000e+001
  +1.20000000000000000000e+001
</dep>
<dep _net2.Vt time>
  +1.19999998836363649332e-007
  +1.65682957968254365061e-007
  +2.11365916788686592691e-007
  +2.57048875261296784281e-007
  +3.02731833386084701603e-007
  +3.48414791163050556415e-007
  +3.94097748592194454596e-007
  +4.39780705673516131448e-007
  +1.20000000000000000000e+001
  +1.20000000000000000000e+001
  +1.20000000000000000000e+001
  +1.20000000000000000000e+001
  +1.20000000000000000000e+001
  +1.20000000000000000000e+001
  +1.20000000000000000000e+001
  +1.20000000000000000000e+001
  +1.20000000000000000000e+001
  +1.20000000000000000000e+001
  +1.20000000000000000000e+001
  +1.20000000000000000000e+001
  +1.20000000000000000000e+001
  +1.20000000000000000000e+001
  +1.20000000000000000000e+001
  +1.20000000000000000000e+001
  +1.20000000000000000000e+001
  +1.20000000000000000000e+001
  +1.20000000000000000000e+001
  +1.20000000000000000000e+001
  +1.20000000000000000000e+001
  +1.20000000000000000000e+001
  +1.20000000000000000000e+001
  +1.20000000000000000000e+001
  +1.20000000000000000000e+001
  +1.20000000000000000000e+001
  +1.20000000000000000000e+001
  +1.20000000000000000000e+001
  +1.20000000000000000000e+001
  +1.20000000000000000000e+001
  +1.20000000000000000000e+001
  +1.20000000000000000000e+001
  +1.20000000000000000000e+001
  +1.20000000000000000000e+001
  +1.20000000000000000000e+001
  +1.20000000000000000000e+001
  +1.20000000000000000000e+001
  +1.20000000000000000000e+001
  +1.20000000000000000000e+001
  +1.20000000000000000000e+001
  +1.20000000000000000000e+001
  +1.20000000000000000000e+001
  +1.20000000000000000000e+001
  +1.20000000000000000000e+001
  +1.20000000000000000000e+001
  +1.20000000000000000000e+001
  +1.20000000000000000000e+001
  +1.20000000000000000000e+001
  +1.20000000000000000000e+001
  +1.20000000000000000000e+001
  +1.20000000000000000000e+001
  +1.20000000000000000000e+001
  +1.20000000000000000000e+001
  +1.20000000000000000000e+001
  +1.20000000000000000000e+001
  +1.20000000000000000000e+001
  +1.20000000000000000000e+001
  +1.20000000000000000000e+001
  +1.20000000000000000000e+001
  +1.20000000000000000000e+001
  +1.20000000000000000000e+001
  +1.20000000000000000000e+001
  +1.20000000000000000000e+001
  +1.20000000000000000000e+001
  +1.20000000000000000000e+001
  +1.20000000000000000000e+001
  +1.20000000000000000000e+001
  +1.20000000000000000000e+001
  +1.20000000000000000000e+001
  +1.20000000000000000000e+001
  +1.20000000000000000000e+001
  +1.20000000000000000000e+001
  +1.20000000000000000000e+001
  +1.20000000000000000000e+001
  +1.20000000000000000000e+001
  +1.20000000000000000000e+001
  +1.20000000000000000000e+001
  +1.20000000000000000000e+001
  +1.20000000000000000000e+001
  +1.20000000000000000000e+001
  +1.20000000000000000000e+001
  +1.20000000000000000000e+001
  +1.20000000000000000000e+001
  +1.20000000000000000000e+001
  +1.20000000000000000000e+001
  +1.20000000000000000000e+001
  +1.20000000000000000000e+001
  +1.20000000000000000000e+001
  +1.20000000000000000000e+001
  +1.20000000000000000000e+001
  +1.20000000000000000000e+001
  +1.20000000000000000000e+001
  +1.20000000000000000000e+001
  +1.20000000000000000000e+001
  +1.20000000000000000000e+001
  +1.20000000000000000000e+001
  +1.20000000000000000000e+001
  +1.20000000000000000000e+001
  +1.20000000000000000000e+001
  +1.20000000000000000000e+001
  +1.20000000000000000000e+001
  +1.20000000000000000000e+001
  +1.20000000000000000000e+001
  +1.20000000000000000000e+001
  +1.20000000000000000000e+001
  +1.20000000000000000000e+001
  +1.20000000000000000000e+001
  +1.20000000000000000000e+001
  +1.20000000000000000000e+001
  +1.20000000000000000000e+001
  +1.20000000000000000000e+001
  +1.20000000000000000000e+001
  +1.20000000000000000000e+001
  +1.20000000000000000000e+001
  +1.20000000000000000000e+001
  +1.20000000000000000000e+001
  +1.20000000000000000000e+001
  +1.20000000000000000000e+001
  +1.20000000000000000000e+001
  +1.20000000000000000000e+001
  +1.20000000000000000000e+001
  +1.20000000000000000000e+001
  +1.20000000000000000000e+001
  +1.20000000000000000000e+001
  +1.20000000000000000000e+001
  +1.20000000000000000000e+001
  +1.20000000000000000000e+001
  +1.20000000000000000000e+001
  +1.20000000000000000000e+001
  +1.20000000000000000000e+001
  +1.20000000000000000000e+001
  +1.20000000000000000000e+001
  +1.20000000000000000000e+001
  +1.20000000000000000000e+001
  +1.20000000000000000000e+001
  +1.20000000000000000000e+001
  +1.20000000000000000000e+001
  +1.20000000000000000000e+001
  +1.20000000000000000000e+001
  +1.20000000000000000000e+001
  +1.20000000000000000000e+001
  +1.20000000000000000000e+001
  +1.20000000000000000000e+001
  +1.20000000000000000000e+001
  +1.20000000000000000000e+001
  +1.20000000000000000000e+001
  +1.20000000000000000000e+001
  +1.20000000000000000000e+001
  +1.20000000000000000000e+001
  +1.20000000000000000000e+001
  +1.20000000000000000000e+001
  +1.20000000000000000000e+001
  +1.20000000000000000000e+001
  +1.20000000000000000000e+001
  +1.20000000000000000000e+001
  +1.20000000000000000000e+001
  +1.20000000000000000000e+001
  +1.20000000000000000000e+001
  +1.20000000000000000000e+001
  +1.20000000000000000000e+001
  +1.20000000000000000000e+001
  +1.20000000000000000000e+001
  +1.20000000000000000000e+001
  +1.20000000000000000000e+001
  +1.20000000000000000000e+001
  +1.20000000000000000000e+001
  +1.20000000000000000000e+001
  +1.20000000000000000000e+001
  +1.20000000000000000000e+001
  +1.20000000000000000000e+001
  +1.20000000000000000000e+001
  +1.20000000000000000000e+001
  +1.20000000000000000000e+001
  +1.20000000000000000000e+001
  +1.20000000000000000000e+001
  +1.20000000000000000000e+001
  +1.20000000000000000000e+001
  +1.20000000000000000000e+001
  +1.20000000000000000000e+001
  +1.20000000000000000000e+001
  +1.20000000000000000000e+001
  +1.20000000000000000000e+001
  +1.20000000000000000000e+001
  +1.20000000000000000000e+001
  +1.20000000000000000000e+001
  +1.20000000000000000000e+001
  +1.20000000000000000000e+001
  +1.20000000000000000000e+001
  +1.20000000000000000000e+001
  +1.20000000000000000000e+001
  +1.20000000000000000000e+001
  +1.20000000000000000000e+001
</dep>
<dep _net0.Vt time>
  +1.19999998836363649332e-007
  +1.65682957968254365061e-007
  +2.11365916788686592691e-007
  +2.57048875261296784281e-007
  +3.02731833386084701603e-007
  +3.48414791163050556415e-007
  +3.94097748592194454596e-007
  +4.39780705673516131448e-007
  +1.20000000000000000000e+001
  +1.20000000000000000000e+001
  +1.20000000000000000000e+001
  +1.20000000000000000000e+001
  +1.20000000000000000000e+001
  +1.20000000000000000000e+001
  +1.20000000000000000000e+001
  +1.20000000000000000000e+001
  +1.20000000000000000000e+001
  +1.20000000000000000000e+001
  +1.20000000000000000000e+001
  +1.20000000000000000000e+001
  +1.20000000000000000000e+001
  +1.20000000000000000000e+001
  +1.20000000000000000000e+001
  +1.20000000000000000000e+001
  +1.20000000000000000000e+001
  +1.20000000000000000000e+001
  +1.20000000000000000000e+001
  +1.20000000000000000000e+001
  +1.20000000000000000000e+001
  +1.20000000000000000000e+001
  +1.20000000000000000000e+001
  +1.20000000000000000000e+001
  +1.20000000000000000000e+001
  +1.20000000000000000000e+001
  +1.20000000000000000000e+001
  +1.20000000000000000000e+001
  +1.20000000000000000000e+001
  +1.20000000000000000000e+001
  +1.20000000000000000000e+001
  +1.20000000000000000000e+001
  +1.18662306574354570188e+001
  +1.14229810493976842167e+001
  +1.09962793870761714743e+001
  +1.05855151423092284091e+001
  +1.01900949315645021898e+001
  +9.80944558085454509921e+000
  +9.44301532701641654910e+000
  +9.09027301791373432138e+000
  +8.75070734251492332589e+000
  +8.42382608973194813018e+000
  +8.10915543494483870290e+000
  +7.80623925317809863600e+000
  +7.51463845793324392019e+000
  +7.23393036471916595076e+000
  +6.96370807835770211369e+000
  +6.70357990317635010769e+000
  +6.45316877523308995990e+000
  +6.21211171575039688975e+000
  +5.98005930496612148062e+000
  +5.75667517563860009489e+000
  +5.54163552547179261154e+000
  +5.33462864775371059523e+000
  +5.13535447952776102909e+000
  +4.94352416664209837194e+000
  +4.75885964504647418494e+000
  +4.58109323772967691468e+000
  +4.40996726671332961445e+000
  +4.24523367953956576315e+000
  +4.08665368971123221797e+000
  +3.93399743056337314329e+000
  +3.78704362206430023008e+000
  +3.64557925006324312633e+000
  +3.50939925751967018996e+000
  +3.37830624726667716473e+000
  +3.25211019587761418492e+000
  +3.13062817822116556954e+000
  +3.01368410230564309771e+000
  +2.90110845402812422833e+000
  +2.79273805145845344100e+000
  +2.68841580830191162477e+000
  +2.58799050619771398019e+000
  +2.49131657552325824767e+000
  +2.39825388438639253152e+000
  +2.30866753549984293770e+000
  +2.22242767064337343186e+000
  +2.13940928243022820965e+000
  +2.05949203310499973085e+000
  +1.98256008011028228566e+000
  +1.90850190816925890935e+000
  +1.83721016764081257477e+000
  +1.76858151891285064750e+000
  +1.70251648260830745762e+000
  +1.63891929538666203392e+000
  +1.57769777113198172991e+000
  +1.51876316732625293859e+000
  +1.46203005641432248751e+000
  +1.40741620197397798719e+000
  +1.35484243951167915299e+000
  +1.30423256171114165802e+000
  +1.25551320796844234629e+000
  +1.20861375805352588841e+000
  +1.16346622974397306827e+000
  +1.12000518028263074122e+000
  +1.07816761151628992543e+000
  +1.03789287857788625757e+000
  +9.99122601979867130950e-001
  +9.61800582991290231583e-001
  +9.25872722176007023620e-001
  +8.91286940973829988621e-001
  +8.57993106211033085273e-001
  +8.25942957430740087865e-001
  +7.95090036937881938783e-001
  +7.65389622457312235326e-001
  +7.36798662307468044119e-001
  +7.09275712995606766320e-001
  +6.82780879144166297223e-001
  +6.57275755661163030297e-001
  +6.32723372070811085344e-001
  +6.09088138923654431878e-001
  +5.86335796208547921360e-001
  +5.64433363691695388908e-001
  +5.43349093110769176818e-001
  +5.23052422154807739041e-001
  +5.03513930163187906075e-001
  +4.84705295479456010899e-001
  +4.66599254398198881599e-001
  +4.49169561645448522924e-001
  +4.32390952335334421974e-001
  +4.16239105347841698013e-001
  +4.00690608074582732545e-001
  +3.85722922481489760571e-001
  +3.71314352439227501890e-001
  +3.57444012273972211435e-001
  +3.44091796492975610100e-001
  +3.31238350641021916942e-001
  +3.18865043245536827765e-001
  +3.06953938809687576494e-001
  +2.95487771814314126306e-001
  +2.84449921691022122872e-001
  +2.73824388730145473758e-001
  +2.63595770888666036669e-001
  +2.53749241464470531859e-001
  +2.44270527604581177972e-001
  +2.35145889616206388295e-001
  +2.26362101050627789744e-001
  +2.17906429531046191839e-001
  +2.09766618296603923888e-001
  +2.01930868435825444651e-001
  +1.94387821783724351610e-001
  +1.87126544457789006914e-001
  +1.80136511008976457626e-001
  +1.73407589164743275445e-001
  +1.66930025142000670879e-001
  +1.60694429508698388709e-001
  +1.54691763573550467026e-001
  +1.48913326284168034963e-001
  +1.43350741614610782682e-001
  +1.37995946424075976999e-001
  +1.32841178769122325587e-001
  +1.27878966652489739486e-001
  +1.23102117192205873231e-001
  +1.18503706195277641600e-001
  +1.14077068120856300881e-001
  +1.09815786418327870910e-001
  +1.05713684226321102955e-001
  +1.01764815419154025511e-001
  +9.79634559877381599913e-002
  +9.43040957424475523307e-002
  +9.07814303259270177771e-002
  +8.73903535242594731169e-002
  +8.41259498653485621178e-002
  +8.09834874937885584867e-002
  +7.79584113118909211027e-002
  +7.50463363769278551940e-002
  +7.22430415450205365424e-002
  +6.95444633524581190542e-002
  +6.69466901255805352244e-002
  +6.44459563106845184643e-002
  +6.20386370157353927990e-002
  +5.97212427559728684101e-002
  +5.74904143957930338638e-002
  +5.53429182795765056690e-002
  +5.32756415444030420603e-002
  +5.12855876078590136591e-002
  +4.93698718243976708564e-002
  +4.75257173039547939353e-002
  +4.57504508867593931432e-002
  +4.40414992685051950860e-002
  +4.23963852702650481619e-002
  +4.08127242477427445988e-002
  +3.92882206346562290467e-002
  +3.78206646152421874230e-002
  +3.64079289210591725001e-002
  +3.50479657474451061772e-002
  +3.37388037851602123895e-002
  +3.24785453629127668362e-002
  +3.12653636966247067130e-002
  +3.00975002414511742799e-002
  +2.89732621427145620174e-002
  +2.78910197820584557227e-002
</dep>
<dep _net1.Vt time>
  +1.19999998836363649332e-007
  +1.65682957968254365061e-007
  +2.11365916788686592691e-007
  +2.57048875261296784281e-007
  +3.02731833386084701603e-007
  +3.48414791163050556415e-007
  +3.94097748592194454596e-007
  +4.39780705673516131448e-007
  +1.20000000000000000000e+001
  +1.20000000000000000000e+001
  +1.20000000000000000000e+001
  +1.20000000000000000000e+001
  +1.20000000000000000000e+001
  +1.20000000000000000000e+001
  +1.20000000000000000000e+001
  +1.20000000000000000000e+001
  +1.20000000000000000000e+001
  +1.20000000000000000000e+001
  +1.20000000000000000000e+001
  +1.20000000000000000000e+001
  +1.20000000000000000000e+001
  +1.20000000000000000000e+001
  +1.20000000000000000000e+001
  +1.20000000000000000000e+001
  +1.20000000000000000000e+001
  +1.20000000000000000000e+001
  +1.20000000000000000000e+001
  +1.20000000000000000000e+001
  +1.20000000000000000000e+001
  +1.20000000000000000000e+001
  +1.20000000000000000000e+001
  +1.20000000000000000000e+001
  +1.20000000000000000000e+001
  +1.20000000000000000000e+001
  +1.20000000000000000000e+001
  +1.20000000000000000000e+001
  +1.20000000000000000000e+001
  +1.20000000000000000000e+001
  +1.20000000000000000000e+001
  +1.20000000000000000000e+001
  +1.18662306574354570188e+001
  +1.14229810493976842167e+001
  +1.09962793870761714743e+001
  +1.05855151423092284091e+001
  +1.01900949315645021898e+001
  +9.80944558085454509921e+000
  +9.44301532701641654910e+000
  +9.09027301791373432138e+000
  +8.75070734251492332589e+000
  +8.42382608973194813018e+000
  +8.10915543494483870290e+000
  +7.80623925317809863600e+000
  +7.51463845793324392019e+000
  +7.23393036471916595076e+000
  +6.96370807835770211369e+000
  +6.70357990317635010769e+000
  +6.45316877523308995990e+000
  +6.21211171575039688975e+000
  +5.98005930496612148062e+000
  +5.75667517563860009489e+000
  +5.54163552547179261154e+000
  +5.33462864775371059523e+000
  +5.13535447952776102909e+000
  +4.94352416664209837194e+000
  +4.75885964504647418494e+000
  +4.58109323772967691468e+000
  +4.40996726671332961445e+000
  +4.24523367953956576315e+000
  +4.08665368971123221797e+000
  +3.93399743056337314329e+000
  +3.78704362206430023008e+000
  +3.64557925006324312633e+000
  +3.50939925751967018996e+000
  +3.37830624726667716473e+000
  +3.25211019587761418492e+000
  +3.13062817822116556954e+000
  +3.01368410230564309771e+000
  +2.90110845402812422833e+000
  +2.79273805145845344100e+000
  +2.68841580830191162477e+000
  +2.58799050619771398019e+000
  +2.49131657552325824767e+000
  +2.39825388438639253152e+000
  +2.30866753549984293770e+000
  +2.22242767064337343186e+000
  +2.13940928243022820965e+000
  +2.05949203310499973085e+000
  +1.98256008011028228566e+000
  +1.90850190816925890935e+000
  +1.83721016764081257477e+000
  +1.76858151891285064750e+000
  +1.70251648260830745762e+000
  +1.63891929538666203392e+000
  +1.57769777113198172991e+000
  +1.51876316732625293859e+000
  +1.46203005641432248751e+000
  +1.40741620197397798719e+000
  +1.35484243951167915299e+000
  +1.30423256171114165802e+000
  +1.25551320796844234629e+000
  +1.20861375805352588841e+000
  +1.16346622974397306827e+000
  +1.12000518028263074122e+000
  +1.07816761151628992543e+000
  +1.03789287857788625757e+000
  +9.99122601979867130950e-001
  +9.61800582991290231583e-001
  +9.25872722176007023620e-001
  +8.91286940973829988621e-001
  +8.57993106211033085273e-001
  +8.25942957430740087865e-001
  +7.95090036937881938783e-001
  +7.65389622457312235326e-001
  +7.36798662307468044119e-001
  +7.09275712995606766320e-001
  +6.82780879144166297223e-001
  +6.57275755661163030297e-001
  +6.32723372070811085344e-001
  +6.09088138923654431878e-001
  +5.86335796208547921360e-001
  +5.64433363691695388908e-001
  +5.43349093110769176818e-001
  +5.23052422154807739041e-001
  +5.03513930163187906075e-001
  +4.84705295479456010899e-001
  +4.66599254398198881599e-001
  +4.49169561645448522924e-001
  +4.32390952335334421974e-001
  +4.16239105347841698013e-001
  +4.00690608074582732545e-001
  +3.85722922481489760571e-001
  +3.71314352439227501890e-001
  +3.57444012273972211435e-001
  +3.44091796492975610100e-001
  +3.31238350641021916942e-001
  +3.18865043245536827765e-001
  +3.06953938809687576494e-001
  +2.95487771814314126306e-001
  +2.84449921691022122872e-001
  +2.73824388730145473758e-001
  +2.63595770888666036669e-001
  +2.53749241464470531859e-001
  +2.44270527604581177972e-001
  +2.35145889616206388295e-001
  +2.26362101050627789744e-001
  +2.17906429531046191839e-001
  +2.09766618296603923888e-001
  +2.01930868435825444651e-001
  +1.94387821783724351610e-001
  +1.87126544457789006914e-001
  +1.80136511008976457626e-001
  +1.73407589164743275445e-001
  +1.66930025142000670879e-001
  +1.60694429508698388709e-001
  +1.54691763573550467026e-001
  +1.48913326284168034963e-001
  +1.43350741614610782682e-001
  +1.37995946424075976999e-001
  +1.32841178769122325587e-001
  +1.27878966652489739486e-001
  +1.23102117192205873231e-001
  +1.18503706195277641600e-001
  +1.14077068120856300881e-001
  +1.09815786418327870910e-001
  +1.05713684226321102955e-001
  +1.01764815419154025511e-001
  +9.79634559877381599913e-002
  +9.43040957424475523307e-002
  +9.07814303259270177771e-002
  +8.73903535242594731169e-002
  +8.41259498653485621178e-002
  +8.09834874937885584867e-002
  +7.79584113118909211027e-002
  +7.50463363769278551940e-002
  +7.22430415450205365424e-002
  +6.95444633524581190542e-002
  +6.69466901255805352244e-002
  +6.44459563106845184643e-002
  +6.20386370157353927990e-002
  +5.97212427559728684101e-002
  +5.74904143957930338638e-002
  +5.53429182795765056690e-002
  +5.32756415444030420603e-002
  +5.12855876078590136591e-002
  +4.93698718243976708564e-002
  +4.75257173039547939353e-002
  +4.57504508867593931432e-002
  +4.40414992685051950860e-002
  +4.23963852702650481619e-002
  +4.08127242477427445988e-002
  +3.92882206346562290467e-002
  +3.78206646152421874230e-002
  +3.64079289210591725001e-002
  +3.50479657474451061772e-002
  +3.37388037851602123895e-002
  +3.24785453629127668362e-002
  +3.12653636966247067130e-002
  +3.00975002414511742799e-002
  +2.89732621427145620174e-002
  +2.78910197820584557227e-002
</dep>
<dep Vc.Vt time>
  +3.63636360000000128639e-017
  +4.56829596250839475433e-008
  +9.13659189023458061067e-008
  +1.37048877831785509516e-007
  +1.82731836413403044536e-007
  +2.28414794647198490576e-007
  +2.74097752533171979985e-007
  +3.19780710071323195126e-007
  +3.22958290058040775605e-001
  +4.02027637861900632998e+000
  +6.54713823118192550510e+000
  +8.27439629315306923729e+000
  +9.45570794046335194594e+000
  +1.02632734003677441592e+001
  +1.08143881262680530142e+001
  +1.11901814343869538959e+001
  +1.14469027178686193480e+001
  +1.16223911650386764194e+001
  +1.17421936230883705576e+001
  +1.18239868181468299468e+001
  +1.18798298022289756659e+001
  +1.19179556985088499488e+001
  +1.19439855389809501673e+001
  +1.19617569925365341277e+001
  +1.19738901656851215449e+001
  +1.19821738938671416008e+001
  +1.19878294756142427246e+001
  +1.19916907327915946979e+001
  +1.19943269438228039547e+001
  +1.19961267743655408680e+001
  +1.19973555796258963824e+001
  +1.19981945265889642371e+001
  +1.19987673040904478938e+001
  +1.19991583586870351752e+001
  +1.19994253449026633263e+001
  +1.19996076254332102451e+001
  +1.19997320745240934059e+001
  +1.19998170401327417522e+001
  +1.19998750490310150951e+001
  +1.19999146536702454569e+001
  +1.18662306560977626191e+001
  +1.14229810436274945573e+001
  +1.09962793770389666292e+001
  +1.05855151281643777850e+001
  +1.01900949134654510431e+001
  +9.80944555894900105386e+000
  +9.44301530144657164101e+000
  +9.09027298881646395046e+000
  +8.75070731002199764248e+000
  +8.42382605397020789439e+000
  +8.10915539603639246025e+000
  +7.80623921124049058307e+000
  +7.51463841307962887583e+000
  +7.23393031705846922819e+000
  +6.96370802799478205714e+000
  +6.70357985021214908272e+000
  +6.45316871976477823836e+000
  +6.21211165787151387008e+000
  +5.98005924476671424372e+000
  +5.75667511320535130181e+000
  +5.54163546088814751300e+000
  +5.33462858109999693568e+000
  +5.13535441088130628629e+000
  +4.94352409607733989105e+000
  +4.75885957263507020087e+000
  +4.58109316354060869259e+000
  +4.40996719081300181386e+000
  +4.24523360199190236131e+000
  +4.08665361057776976850e+000
  +3.93399734990334692952e+000
  +3.78704353993473619155e+000
  +3.64557916651903513028e+000
  +3.50939917261366263190e+000
  +3.37830616104973957547e+000
  +3.25211010839871583755e+000
  +3.13062808952744697777e+000
  +3.01368401244248396154e+000
  +2.90110836303920827106e+000
  +2.79273795938583369036e+000
  +2.68841571518606947677e+000
  +2.58799041207761870709e+000
  +2.49131648043642384138e+000
  +2.39825378836893099432e+000
  +2.30866743858651846111e+000
  +2.22242757286764991420e+000
  +2.13940918382432077038e+000
  +2.05949193369991956359e+000
  +1.98255997993588306549e+000
  +1.90850180725427787110e+000
  +1.83721006601291403371e+000
  +1.76858141659866596740e+000
  +1.70251637963347213223e+000
  +1.63891919177585476675e+000
  +1.57769766690895951733e+000
  +1.51876306251388437651e+000
  +1.46202995103462285442e+000
  +1.40741609604813988632e+000
  +1.35484233306010359854e+000
  +1.30423245475346738509e+000
  +1.25551310052357423253e+000
  +1.20861365013966337578e+000
  +1.16346612137863525405e+000
  +1.12000507148268235724e+000
  +1.07816750229796598504e+000
  +1.03789276895681514823e+000
  +9.99122491971093040775e-001
  +9.61800472609296019932e-001
  +9.25872611434734205105e-001
  +8.91286829886699383252e-001
  +8.57992994790964136342e-001
  +8.25942845690169513695e-001
  +7.95089924888782273449e-001
  +7.65389510111208370979e-001
  +7.36798549675454661489e-001
  +7.09275600088363877838e-001
  +6.82780765971975012185e-001
  +6.57275642233920542878e-001
  +6.32723258398044774431e-001
  +6.09088025014535738855e-001
  +5.86335682071905783808e-001
  +5.64433249336029008170e-001
  +5.43348978544260119428e-001
  +5.23052307385332038159e-001
  +5.03513815198327163714e-001
  +4.84705180326508944244e-001
  +4.66599139064191370529e-001
  +4.49169446137144101616e-001
  +4.32390836659243937845e-001
  +4.16238989510232748614e-001
  +4.00690492081488769394e-001
  +3.85722806338718915420e-001
  +3.71314236152371024424e-001
  +3.57443895848412351857e-001
  +3.44091679933893557219e-001
  +3.31238233953405403209e-001
  +3.18864926434187290205e-001
  +3.06953821879226929070e-001
  +2.95487654769191865345e-001
  +2.84449804535521322268e-001
  +2.73824271468389390805e-001
  +2.63595653524623718678e-001
  +2.53749124001962977903e-001
  +2.44270410047286445909e-001
  +2.35145771967665256907e-001
  +2.26361983314248782495e-001
  +2.17906311710110489610e-001
  +2.09766500394270111185e-001
  +2.01930750455134117027e-001
  +1.94387703727602556558e-001
  +1.87126426329054462716e-001
  +1.80136392810341577908e-001
  +1.73407470898819165983e-001
  +1.66929906811300904357e-001
  +1.60694311115642668453e-001
  +1.54691645120468096453e-001
  +1.48913207773301276005e-001
  +1.43350623048118214209e-001
  +1.37995827804035436914e-001
  +1.32841060097534102713e-001
  +1.27878847931279376882e-001
  +1.23101998423227027013e-001
  +1.18503587380314689970e-001
  +1.14076949261626980903e-001
  +1.09815667516485721000e-001
  +1.05713565283457933131e-001
  +1.01764696436802179469e-001
  +9.79633369673727077975e-002
  +9.43039766854885108671e-002
  +9.07813112337413213870e-002
  +8.73902343981629997627e-002
  +8.41258307066080485148e-002
  +8.09833683036234319719e-002
  +7.79582920914750343577e-002
  +7.50462171273912209690e-002
  +7.22429222674509374791e-002
  +6.95443440479027452650e-002
  +6.69465707950474275822e-002
  +6.44458369551440951595e-002
  +6.20385176361217607899e-002
  +5.97211233531852875300e-002
  +5.74902949706971727606e-002
  +5.53427988330056908062e-002
  +5.32755220771594512064e-002
  +5.12854681207148901945e-002
  +4.93697523180963923628e-002
  +4.75255977792119685410e-002
  +4.57503313442639003572e-002
  +4.40413797089201780599e-002
  +4.23962656942288990125e-002
  +4.08126046558699856481e-002
  +3.92881010275384356945e-002
  +3.78205449934488346919e-002
  +3.64078092851384607642e-002
  +3.50478460979247591345e-002
  +3.37386841225482472795e-002
  +3.24784256876982160844e-002
  +3.12652440092783395764e-002
  +3.00973805424261733887e-002
  +2.89731424324471825704e-002
  +2.78909000609686569261e-002
</dep>
<dep _net3.Vt time>
  +3.63636323636367694854e-024
  +4.56829550567884372151e-015
  +9.13659097657548169006e-015
  +1.37048864126899099614e-014
  +1.82731818140221214356e-014
  +2.28414771805721287347e-014
  +2.74097725123399429025e-014
  +3.19780678093255355402e-014
  +3.22958257762214963966e-008
  +4.02027597659140736278e-007
  +6.54713757646816686499e-007
  +8.27439546571352095816e-007
  +9.45570699489265193158e-007
  +1.02632723740405042759e-006
  +1.08143870448293449639e-006
  +1.11901803153689212654e-006
  +1.14469015731784615092e-006
  +1.16223900027996734715e-006
  +1.17421924488691236943e-006
  +1.18239856357482649702e-006
  +1.18798286142461134608e-006
  +1.19179545067133965623e-006
  +1.19439843445825137428e-006
  +1.19617557963609539113e-006
  +1.19738889682962231328e-006
  +1.19821726956498716030e-006
  +1.19878282768314152448e-006
  +1.19916895336226394538e-006
  +1.19943257443902279554e-006
  +1.19961255747529818273e-006
  +1.19973543798904568344e-006
  +1.19981933267696309641e-006
  +1.19987661042138365083e-006
  +1.19991571587713192668e-006
  +1.19994241449602488148e-006
  +1.19996064254725666389e-006
  +1.19997308745510047179e-006
  +1.19998158401511557208e-006
  +1.19998738490436302276e-006
  +1.19999134536788969824e-006
  +1.18662306560977626191e+001
  +1.14229810436274945573e+001
  +1.09962793770389666292e+001
  +1.05855151281643777850e+001
  +1.01900949134654510431e+001
  +9.80944555894900105386e+000
  +9.44301530144657164101e+000
  +9.09027298881646395046e+000
  +8.75070731002199764248e+000
  +8.42382605397020789439e+000
  +8.10915539603639246025e+000
  +7.80623921124049058307e+000
  +7.51463841307962887583e+000
  +7.23393031705846922819e+000
  +6.96370802799478205714e+000
  +6.70357985021214908272e+000
  +6.45316871976477823836e+000
  +6.21211165787151387008e+000
  +5.98005924476671424372e+000
  +5.75667511320535130181e+000
  +5.54163546088814751300e+000
  +5.33462858109999693568e+000
  +5.13535441088130628629e+000
  +4.94352409607733989105e+000
  +4.75885957263507020087e+000
  +4.58109316354060869259e+000
  +4.40996719081300181386e+000
  +4.24523360199190236131e+000
  +4.08665361057776976850e+000
  +3.93399734990334692952e+000
  +3.78704353993473619155e+000
  +3.64557916651903513028e+000
  +3.50939917261366263190e+000
  +3.37830616104973957547e+000
  +3.25211010839871583755e+000
  +3.13062808952744697777e+000
  +3.01368401244248396154e+000
  +2.90110836303920827106e+000
  +2.79273795938583369036e+000
  +2.68841571518606947677e+000
  +2.58799041207761870709e+000
  +2.49131648043642384138e+000
  +2.39825378836893099432e+000
  +2.30866743858651846111e+000
  +2.22242757286764991420e+000
  +2.13940918382432077038e+000
  +2.05949193369991956359e+000
  +1.98255997993588306549e+000
  +1.90850180725427787110e+000
  +1.83721006601291403371e+000
  +1.76858141659866596740e+000
  +1.70251637963347213223e+000
  +1.63891919177585476675e+000
  +1.57769766690895951733e+000
  +1.51876306251388437651e+000
  +1.46202995103462285442e+000
  +1.40741609604813988632e+000
  +1.35484233306010359854e+000
  +1.30423245475346738509e+000
  +1.25551310052357423253e+000
  +1.20861365013966337578e+000
  +1.16346612137863525405e+000
  +1.12000507148268235724e+000
  +1.07816750229796598504e+000
  +1.03789276895681514823e+000
  +9.99122491971093040775e-001
  +9.61800472609296019932e-001
  +9.25872611434734205105e-001
  +8.91286829886699383252e-001
  +8.57992994790964136342e-001
  +8.25942845690169513695e-001
  +7.95089924888782273449e-001
  +7.65389510111208370979e-001
  +7.36798549675454661489e-001
  +7.09275600088363877838e-001
  +6.82780765971975012185e-001
  +6.57275642233920542878e-001
  +6.32723258398044774431e-001
  +6.09088025014535738855e-001
  +5.86335682071905783808e-001
  +5.64433249336029008170e-001
  +5.43348978544260119428e-001
  +5.23052307385332038159e-001
  +5.03513815198327163714e-001
  +4.84705180326508944244e-001
  +4.66599139064191370529e-001
  +4.49169446137144101616e-001
  +4.32390836659243937845e-001
  +4.16238989510232748614e-001
  +4.00690492081488769394e-001
  +3.85722806338718915420e-001
  +3.71314236152371024424e-001
  +3.57443895848412351857e-001
  +3.44091679933893557219e-001
  +3.31238233953405403209e-001
  +3.18864926434187290205e-001
  +3.06953821879226929070e-001
  +2.95487654769191865345e-001
  +2.84449804535521322268e-001
  +2.73824271468389390805e-001
  +2.63595653524623718678e-001
  +2.53749124001962977903e-001
  +2.44270410047286445909e-001
  +2.35145771967665256907e-001
  +2.26361983314248782495e-001
  +2.17906311710110489610e-001
  +2.09766500394270111185e-001
  +2.01930750455134117027e-001
  +1.94387703727602556558e-001
  +1.87126426329054462716e-001
  +1.80136392810341577908e-001
  +1.73407470898819165983e-001
  +1.66929906811300904357e-001
  +1.60694311115642668453e-001
  +1.54691645120468096453e-001
  +1.48913207773301276005e-001
  +1.43350623048118214209e-001
  +1.37995827804035436914e-001
  +1.32841060097534102713e-001
  +1.27878847931279376882e-001
  +1.23101998423227027013e-001
  +1.18503587380314689970e-001
  +1.14076949261626980903e-001
  +1.09815667516485721000e-001
  +1.05713565283457933131e-001
  +1.01764696436802179469e-001
  +9.79633369673727077975e-002
  +9.43039766854885108671e-002
  +9.07813112337413213870e-002
  +8.73902343981629997627e-002
  +8.41258307066080485148e-002
  +8.09833683036234319719e-002
  +7.79582920914750343577e-002
  +7.50462171273912209690e-002
  +7.22429222674509374791e-002
  +6.95443440479027452650e-002
  +6.69465707950474275822e-002
  +6.44458369551440951595e-002
  +6.20385176361217607899e-002
  +5.97211233531852875300e-002
  +5.74902949706971727606e-002
  +5.53427988330056908062e-002
  +5.32755220771594512064e-002
  +5.12854681207148901945e-002
  +4.93697523180963923628e-002
  +4.75255977792119685410e-002
  +4.57503313442639003572e-002
  +4.40413797089201780599e-002
  +4.23962656942288990125e-002
  +4.08126046558699856481e-002
  +3.92881010275384356945e-002
  +3.78205449934488346919e-002
  +3.64078092851384607642e-002
  +3.50478460979247591345e-002
  +3.37386841225482472795e-002
  +3.24784256876982160844e-002
  +3.12652440092783395764e-002
  +3.00973805424261733887e-002
  +2.89731424324471825704e-002
  +2.78909000609686569261e-002
</dep>
